;pol[p(0.00,0.00,0.00):p(0.05,0.00,0.00):p(0.05,0.00,0.00):p(0.05,0.05,0.00):p(0.05,0.05,0.00):p(0.00,0.05,0.00):p(0.00,0.05,0.00):p(0.00,0.00,0.00):p(0.00,0.00,1.00):p(0.05,0.00,1.00):p(0.05,0.00,1.00):p(0.05,0.05,1.00):p(0.05,0.05,1.00):p(0.00,0.05,1.00):p(0.00,0.05,1.00):p(0.00,0.00,1.00)]
p(0.00,0.00,0.00):p(0.00,0.00,1.00):p(0.05,0.00,0.00):p(0.05,0.00,1.00):p(0.05,0.05,0.00):p(0.05,0.05,1.00):p(0.00,0.05,0.00):p(0.00,0.05,1.00)


//pared externa pol[p(0.00,0.00,0.00):p(0.00,0.00,0.05):p(0.00,0.00,0.05):p(0.00,0.05,0.05):p(0.00,0.05,0.05):p(0.05,0.05,0.00):p(0.05,0.05,0.00):p(0.00,0.00,0.00):p(0.95,0.00,0.00):p(0.95,0.00,0.05):p(0.95,0.00,0.05):p(0.95,0.05,0.05):p(0.95,0.05,0.05):p(0.95,0.05,0.00):p(0.95,0.05,0.00):p(0.95,0.00,0.00):p(0.00,0.00,0.00):p(0.95,0.00,0.00):p(0.00,0.00,0.05):p(0.95,0.00,0.05):p(0.00,0.05,0.05):p(0.95,0.05,0.05):p(0.05,0.05,0.00):p(0.95,0.05,0.00)]
//pared externa pol[p(0.15,0.00,0.15):p(0.20,0.00,0.15):p(0.20,0.00,0.15):p(0.20,0.05,0.15):p(0.20,0.05,0.15):p(0.15,0.05,0.15):p(0.15,0.05,0.15):p(0.15,0.00,0.15):p(0.15,0.00,0.85):p(0.20,0.00,0.85):p(0.20,0.00,0.85):p(0.20,0.05,0.85):p(0.20,0.05,0.85):p(0.15,0.05,0.85):p(0.15,0.05,0.85):p(0.15,0.00,0.85):p(0.15,0.00,0.15):p(0.15,0.00,0.85):p(0.20,0.00,0.15):p(0.20,0.00,0.85):p(0.20,0.05,0.15):p(0.20,0.05,0.85):p(0.15,0.05,0.15):p(0.15,0.05,0.85)]

			//3
	 _____________________________
//4	|			      |	//2
	|			      |
	|			      |
	|			      |
	|_____________________________|
  			//1

//pared externa pol[p(0.50,0.00,0.95):p(0.50,0.00,1.00):p(0.50,0.00,1.00):p(0.50,0.05,1.00):p(0.50,0.05,1.00):p(0.50,0.05,0.95):p(0.50,0.05,0.95):p(0.50,0.00,0.95):p(0.95,0.00,0.95):p(0.95,0.00,1.00):p(0.95,0.00,1.00):p(0.95,0.05,1.00):p(0.95,0.05,1.00):p(0.95,0.05,0.95):p(0.95,0.05,0.95):p(0.95,0.00,0.95):p(0.50,0.00,0.95):p(0.95,0.00,0.95):p(0.50,0.00,1.00):p(0.95,0.00,1.00):p(0.50,0.05,1.00):p(0.95,0.05,1.00):p(0.50,0.05,0.95):p(0.95,0.05,0.95)]








//pared 2 adentro

pol[
p(0.80,0.00,0.15):p(0.85,0.00,0.15):
p(0.85,0.00,0.15):p(0.85,0.05,0.15):
p(0.85,0.05,0.15):p(0.80,0.05,0.15):
p(0.80,0.05,0.15):p(0.80,0.00,0.15):

p(0.80,0.00,0.85):p(0.85,0.00,0.85):
p(0.85,0.00,0.85):p(0.85,0.05,0.85):
p(0.85,0.05,0.85):p(0.80,0.05,0.85):
p(0.80,0.05,0.85):p(0.80,0.00,0.85):


p(0.80,0.00,0.15):p(0.80,0.00,0.85):
p(0.85,0.00,0.15):p(0.85,0.00,0.85):
p(0.85,0.05,0.15):p(0.85,0.05,0.85):
p(0.80,0.05,0.15):p(0.80,0.05,0.85):
]


//pared 2 adentro
pol[p(0.30,0.00,0.45):p(0.30,0.00,0.50):p(0.30,0.00,0.50):p(0.30,0.05,0.50):p(0.30,0.05,0.50):p(0.30,0.05,0.45):p(0.30,0.05,0.45):p(0.30,0.00,0.45):p(0.70,0.00,0.45):p(0.70,0.00,0.50):p(0.70,0.00,0.50):p(0.70,0.05,0.50):p(0.70,0.05,0.50):p(0.70,0.05,0.45):p(0.70,0.05,0.45):p(0.70,0.00,0.45):p(0.30,0.00,0.45):p(0.70,0.00,0.45):p(0.30,0.00,0.50):p(0.70,0.00,0.50):p(0.30,0.05,0.50):p(0.70,0.05,0.50):p(0.30,0.05,0.45):p(0.70,0.05,0.45)]

pol[
p(0.30,0.00,0.45):p(0.30,0.00,0.50):
p(0.30,0.00,0.50):p(0.30,0.05,0.50):
p(0.30,0.05,0.50):p(0.30,0.05,0.45):
p(0.30,0.05,0.45):p(0.30,0.00,0.45):

p(0.70,0.00,0.45):p(0.70,0.00,0.50):
p(0.70,0.00,0.50):p(0.70,0.05,0.50):
p(0.70,0.05,0.50):p(0.70,0.05,0.45):
p(0.70,0.05,0.45):p(0.70,0.00,0.45):

p(0.30,0.00,0.45):p(0.70,0.00,0.45):
p(0.30,0.00,0.50):p(0.70,0.00,0.50):
p(0.30,0.05,0.50):p(0.70,0.05,0.50):
p(0.30,0.05,0.45):p(0.70,0.05,0.45)
]